Gap ID | Description | Order stats | Power stats | Center ID | Derived ID
1
[ 1, "1", [ 1 ], [ 1 ], [ 1, 1 ], [ 1, 1 ] ]

2
[ 1, "C2", [ 1, 1 ], [ 1, 1 ], [ 2, 1 ], [ 1, 1 ] ]

3
[ 1, "C3", [ 1, 2 ], [ 2, 1 ], [ 3, 1 ], [ 1, 1 ] ]

4
[ 1, "C4", [ 1, 1, 2 ], [ 2, 1, 1 ], [ 4, 1 ], [ 1, 1 ] ]
[ 2, "C2 x C2", [ 1, 3, 0 ], [ 3, 0, 1 ], [ 4, 2 ], [ 1, 1 ] ]

5
[ 1, "C5", [ 1, 4 ], [ 4, 1 ], [ 5, 1 ], [ 1, 1 ] ]

6
[ 1, "S3", [ 1, 3, 2, 0 ], [ 0, 2, 3, 1 ], [ 1, 1 ], [ 3, 1 ] ]
[ 2, "C6", [ 1, 1, 2, 2 ], [ 2, 2, 1, 1 ], [ 6, 2 ], [ 1, 1 ] ]

7
[ 1, "C7", [ 1, 6 ], [ 6, 1 ], [ 7, 1 ], [ 1, 1 ] ]

8
[ 1, "C8", [ 1, 1, 2, 4 ], [ 4, 2, 1, 1 ], [ 8, 1 ], [ 1, 1 ] ]
[ 2, "C4 x C2", [ 1, 3, 4, 0 ], [ 6, 1, 0, 1 ], [ 8, 2 ], [ 1, 1 ] ]
[ 3, "D8", [ 1, 5, 2, 0 ], [ 6, 1, 0, 1 ], [ 2, 1 ], [ 2, 1 ] ]
[ 4, "Q8", [ 1, 1, 6, 0 ], [ 6, 1, 0, 1 ], [ 2, 1 ], [ 2, 1 ] ]
[ 5, "C2 x C2 x C2", [ 1, 7, 0, 0 ], [ 7, 0, 0, 1 ], [ 8, 5 ], [ 1, 1 ] ]

9
[ 1, "C9", [ 1, 2, 6 ], [ 6, 2, 1 ], [ 9, 1 ], [ 1, 1 ] ]
[ 2, "C3 x C3", [ 1, 8, 0 ], [ 8, 0, 1 ], [ 9, 2 ], [ 1, 1 ] ]

10
[ 1, "D10", [ 1, 5, 4, 0 ], [ 0, 4, 5, 1 ], [ 1, 1 ], [ 5, 1 ] ]
[ 2, "C10", [ 1, 1, 4, 4 ], [ 4, 4, 1, 1 ], [ 10, 2 ], [ 1, 1 ] ]

11
[ 1, "C11", [ 1, 10 ], [ 10, 1 ], [ 11, 1 ], [ 1, 1 ] ]

12
[ 1, "C3 : C4", [ 1, 1, 2, 6, 2, 0 ], [ 2, 0, 6, 2, 1, 1 ], [ 2, 1 ], [ 3, 1 ] ]
[ 2, "C12", [ 1, 1, 2, 2, 2, 4 ], [ 4, 2, 2, 2, 1, 1 ], [ 12, 2 ], [ 1, 1 ] ]
[ 3, "A4", [ 1, 3, 8, 0, 0, 0 ], [ 0, 0, 3, 8, 0, 1 ], [ 1, 1 ], [ 4, 2 ] ]
[ 4, "D12", [ 1, 7, 2, 0, 2, 0 ], [ 2, 0, 7, 2, 0, 1 ], [ 2, 1 ], [ 3, 1 ] ]
[ 5, "C6 x C2", [ 1, 3, 2, 0, 6, 0 ], [ 6, 0, 3, 2, 0, 1 ], [ 12, 5 ], [ 1, 1 ] ]

13
[ 1, "C13", [ 1, 12 ], [ 12, 1 ], [ 13, 1 ], [ 1, 1 ] ]

14
[ 1, "D14", [ 1, 7, 6, 0 ], [ 0, 6, 7, 1 ], [ 1, 1 ], [ 7, 1 ] ]
[ 2, "C14", [ 1, 1, 6, 6 ], [ 6, 6, 1, 1 ], [ 14, 2 ], [ 1, 1 ] ]

15
[ 1, "C15", [ 1, 2, 4, 8 ], [ 8, 4, 2, 1 ], [ 15, 1 ], [ 1, 1 ] ]

16
[ 1, "C16", [ 1, 1, 2, 4, 8 ], [ 8, 4, 2, 1, 1 ], [ 16, 1 ], [ 1, 1 ] ]
[ 2, "C4 x C4", [ 1, 3, 12, 0, 0 ], [ 12, 3, 0, 0, 1 ], [ 16, 2 ], [ 1, 1 ] ]
[ 3, "(C4 x C2) : C2", [ 1, 7, 8, 0, 0 ], [ 13, 2, 0, 0, 1 ], [ 4, 2 ], [ 2, 1 ] ]
[ 4, "C4 : C4", [ 1, 3, 12, 0, 0 ], [ 13, 2, 0, 0, 1 ], [ 4, 2 ], [ 2, 1 ] ]
[ 5, "C8 x C2", [ 1, 3, 4, 8, 0 ], [ 12, 2, 1, 0, 1 ], [ 16, 5 ], [ 1, 1 ] ]
[ 6, "C8 : C2", [ 1, 3, 4, 8, 0 ], [ 12, 2, 1, 0, 1 ], [ 4, 1 ], [ 2, 1 ] ]
[ 7, "D16", [ 1, 9, 2, 4, 0 ], [ 12, 2, 1, 0, 1 ], [ 2, 1 ], [ 4, 1 ] ]
[ 8, "QD16", [ 1, 5, 6, 4, 0 ], [ 12, 2, 1, 0, 1 ], [ 2, 1 ], [ 4, 1 ] ]
[ 9, "Q16", [ 1, 1, 10, 4, 0 ], [ 12, 2, 1, 0, 1 ], [ 2, 1 ], [ 4, 1 ] ]
[ 10, "C4 x C2 x C2", [ 1, 7, 8, 0, 0 ], [ 14, 1, 0, 0, 1 ], [ 16, 10 ], [ 1, 1 ] ]
[ 11, "C2 x D8", [ 1, 11, 4, 0, 0 ], [ 14, 1, 0, 0, 1 ], [ 4, 2 ], [ 2, 1 ] ]
[ 12, "C2 x Q8", [ 1, 3, 12, 0, 0 ], [ 14, 1, 0, 0, 1 ], [ 4, 2 ], [ 2, 1 ] ]
[ 13, "(C4 x C2) : C2", [ 1, 7, 8, 0, 0 ], [ 14, 1, 0, 0, 1 ], [ 4, 1 ], [ 2, 1 ] ]
[ 14, "C2 x C2 x C2 x C2", [ 1, 15, 0, 0, 0 ], [ 15, 0, 0, 0, 1 ], [ 16, 14 ], [ 1, 1 ] ]

17
[ 1, "C17", [ 1, 16 ], [ 16, 1 ], [ 17, 1 ], [ 1, 1 ] ]

18
[ 1, "D18", [ 1, 9, 2, 0, 6, 0 ], [ 0, 6, 0, 2, 9, 1 ], [ 1, 1 ], [ 9, 1 ] ]
[ 2, "C18", [ 1, 1, 2, 2, 6, 6 ], [ 6, 6, 2, 2, 1, 1 ], [ 18, 2 ], [ 1, 1 ] ]
[ 3, "C3 x S3", [ 1, 3, 8, 6, 0, 0 ], [ 6, 8, 0, 0, 3, 1 ], [ 3, 1 ], [ 3, 1 ] ]
[ 4, "(C3 x C3) : C2", [ 1, 9, 8, 0, 0, 0 ], [ 0, 8, 0, 0, 9, 1 ], [ 1, 1 ], [ 9, 2 ] ]
[ 5, "C6 x C3", [ 1, 1, 8, 8, 0, 0 ], [ 8, 8, 0, 0, 1, 1 ], [ 18, 5 ], [ 1, 1 ] ]

19
[ 1, "C19", [ 1, 18 ], [ 18, 1 ], [ 19, 1 ], [ 1, 1 ] ]

20
[ 1, "C5 : C4", [ 1, 1, 10, 4, 4, 0 ], [ 4, 0, 4, 10, 1, 1 ], [ 2, 1 ], [ 5, 1 ] ]
[ 2, "C20", [ 1, 1, 2, 4, 4, 8 ], [ 8, 4, 4, 2, 1, 1 ], [ 20, 2 ], [ 1, 1 ] ]
[ 3, "C5 : C4", [ 1, 5, 10, 4, 0, 0 ], [ 0, 0, 4, 10, 5, 1 ], [ 1, 1 ], [ 5, 1 ] ]
[ 4, "D20", [ 1, 11, 0, 4, 4, 0 ], [ 4, 0, 4, 11, 0, 1 ], [ 2, 1 ], [ 5, 1 ] ]
[ 5, "C10 x C2", [ 1, 3, 0, 4, 12, 0 ], [ 12, 0, 4, 3, 0, 1 ], [ 20, 5 ], [ 1, 1 ] ]

21
[ 1, "C7 : C3", [ 1, 14, 6, 0 ], [ 0, 6, 14, 1 ], [ 1, 1 ], [ 7, 1 ] ]
[ 2, "C21", [ 1, 2, 6, 12 ], [ 12, 6, 2, 1 ], [ 21, 2 ], [ 1, 1 ] ]

22
[ 1, "D22", [ 1, 11, 10, 0 ], [ 0, 10, 11, 1 ], [ 1, 1 ], [ 11, 1 ] ]
[ 2, "C22", [ 1, 1, 10, 10 ], [ 10, 10, 1, 1 ], [ 22, 2 ], [ 1, 1 ] ]

23
[ 1, "C23", [ 1, 22 ], [ 22, 1 ], [ 23, 1 ], [ 1, 1 ] ]

24
[ 1, "C3 : C8", [ 1, 1, 2, 2, 2, 12, 4, 0 ], [ 4, 2, 12, 0, 2, 2, 1, 1 ], [ 4, 1 ], [ 3, 1 ] ]
[ 2, "C24", [ 1, 1, 2, 2, 2, 4, 4, 8 ], [ 8, 4, 4, 2, 2, 2, 1, 1 ], [ 24, 2 ], [ 1, 1 ] ]
[ 3, "SL(2,3)", [ 1, 1, 8, 6, 8, 0, 0, 0 ], [ 8, 0, 6, 0, 1, 8, 0, 1 ], [ 2, 1 ], [ 8, 4 ] ]
[ 4, "C3 : Q8", [ 1, 1, 2, 14, 2, 0, 4, 0 ], [ 4, 2, 14, 0, 1, 2, 0, 1 ], [ 2, 1 ], [ 6, 2 ] ]
[ 5, "C4 x S3", [ 1, 7, 2, 8, 2, 0, 4, 0 ], [ 4, 2, 14, 0, 1, 2, 0, 1 ], [ 4, 1 ], [ 3, 1 ] ]
[ 6, "D24", [ 1, 13, 2, 2, 2, 0, 4, 0 ], [ 4, 2, 14, 0, 1, 2, 0, 1 ], [ 2, 1 ], [ 6, 2 ] ]
[ 7, "C2 x (C3 : C4)", [ 1, 3, 2, 12, 6, 0, 0, 0 ], [ 6, 0, 14, 0, 1, 2, 0, 1 ], [ 4, 2 ], [ 3, 1 ] ]
[ 8, "(C6 x C2) : C2", [ 1, 9, 2, 6, 6, 0, 0, 0 ], [ 6, 0, 14, 0, 1, 2, 0, 1 ], [ 2, 1 ], [ 6, 2 ] ]
[ 9, "C12 x C2", [ 1, 3, 2, 4, 6, 0, 8, 0 ], [ 12, 2, 6, 0, 1, 2, 0, 1 ], [ 24, 9 ], [ 1, 1 ] ]
[ 10, "C3 x D8", [ 1, 5, 2, 2, 10, 0, 4, 0 ], [ 12, 2, 6, 0, 1, 2, 0, 1 ], [ 6, 2 ], [ 2, 1 ] ]
[ 11, "C3 x Q8", [ 1, 1, 2, 6, 2, 0, 12, 0 ], [ 12, 2, 6, 0, 1, 2, 0, 1 ], [ 6, 2 ], [ 2, 1 ] ]
[ 12, "S4", [ 1, 9, 8, 6, 0, 0, 0, 0 ], [ 0, 0, 12, 0, 3, 8, 0, 1 ], [ 1, 1 ], [ 12, 3 ] ]
[ 13, "C2 x A4", [ 1, 7, 8, 0, 8, 0, 0, 0 ], [ 8, 0, 7, 0, 0, 8, 0, 1 ], [ 2, 1 ], [ 4, 2 ] ]
[ 14, "C2 x C2 x S3", [ 1, 15, 2, 0, 6, 0, 0, 0 ], [ 6, 0, 15, 0, 0, 2, 0, 1 ], [ 4, 2 ], [ 3, 1 ] ]
[ 15, "C6 x C2 x C2", [ 1, 7, 2, 0, 14, 0, 0, 0 ], [ 14, 0, 7, 0, 0, 2, 0, 1 ], [ 24, 15 ], [ 1, 1 ] ]

25
[ 1, "C25", [ 1, 4, 20 ], [ 20, 4, 1 ], [ 25, 1 ], [ 1, 1 ] ]
[ 2, "C5 x C5", [ 1, 24, 0 ], [ 24, 0, 1 ], [ 25, 2 ], [ 1, 1 ] ]

26
[ 1, "D26", [ 1, 13, 12, 0 ], [ 0, 12, 13, 1 ], [ 1, 1 ], [ 13, 1 ] ]
[ 2, "C26", [ 1, 1, 12, 12 ], [ 12, 12, 1, 1 ], [ 26, 2 ], [ 1, 1 ] ]

27
[ 1, "C27", [ 1, 2, 6, 18 ], [ 18, 6, 2, 1 ], [ 27, 1 ], [ 1, 1 ] ]
[ 2, "C9 x C3", [ 1, 8, 18, 0 ], [ 24, 2, 0, 1 ], [ 27, 2 ], [ 1, 1 ] ]
[ 3, "(C3 x C3) : C3", [ 1, 26, 0, 0 ], [ 26, 0, 0, 1 ], [ 3, 1 ], [ 3, 1 ] ]
[ 4, "C9 : C3", [ 1, 8, 18, 0 ], [ 24, 2, 0, 1 ], [ 3, 1 ], [ 3, 1 ] ]
[ 5, "C3 x C3 x C3", [ 1, 26, 0, 0 ], [ 26, 0, 0, 1 ], [ 27, 5 ], [ 1, 1 ] ]

28
[ 1, "C7 : C4", [ 1, 1, 14, 6, 6, 0 ], [ 6, 0, 6, 14, 1, 1 ], [ 2, 1 ], [ 7, 1 ] ]
[ 2, "C28", [ 1, 1, 2, 6, 6, 12 ], [ 12, 6, 6, 2, 1, 1 ], [ 28, 2 ], [ 1, 1 ] ]
[ 3, "D28", [ 1, 15, 0, 6, 6, 0 ], [ 6, 0, 6, 15, 0, 1 ], [ 2, 1 ], [ 7, 1 ] ]
[ 4, "C14 x C2", [ 1, 3, 0, 6, 18, 0 ], [ 18, 0, 6, 3, 0, 1 ], [ 28, 4 ], [ 1, 1 ] ]

29
[ 1, "C29", [ 1, 28 ], [ 28, 1 ], [ 29, 1 ], [ 1, 1 ] ]

30
[ 1, "C5 x S3", [ 1, 3, 2, 4, 0, 12, 8, 0 ], [ 0, 8, 12, 0, 4, 2, 3, 1 ], [ 5, 1 ], [ 3, 1 ] ]
[ 2, "C3 x D10", [ 1, 5, 2, 4, 10, 0, 8, 0 ], [ 0, 8, 0, 10, 4, 2, 5, 1 ], [ 3, 1 ], [ 5, 1 ] ]
[ 3, "D30", [ 1, 15, 2, 4, 0, 0, 8, 0 ], [ 0, 8, 0, 0, 4, 2, 15, 1 ], [ 1, 1 ], [ 15, 1 ] ]
[ 4, "C30", [ 1, 1, 2, 4, 2, 4, 8, 8 ], [ 8, 8, 4, 2, 4, 2, 1, 1 ], [ 30, 4 ], [ 1, 1 ] ]

31
[ 1, "C31", [ 1, 30 ], [ 30, 1 ], [ 31, 1 ], [ 1, 1 ] ]

32
[ 1, "C32", [ 1, 1, 2, 4, 8, 16 ], [ 16, 8, 4, 2, 1, 1 ], [ 32, 1 ], [ 1, 1 ] ]
[ 2, "(C4 x C2) : C4", [ 1, 7, 24, 0, 0, 0 ], [ 28, 3, 0, 0, 0, 1 ], [ 8, 5 ], [ 2, 1 ] ]
[ 3, "C8 x C4", [ 1, 3, 12, 16, 0, 0 ], [ 24, 6, 1, 0, 0, 1 ], [ 32, 3 ], [ 1, 1 ] ]
[ 4, "C8 : C4", [ 1, 3, 12, 16, 0, 0 ], [ 24, 6, 1, 0, 0, 1 ], [ 8, 2 ], [ 2, 1 ] ]
[ 5, "(C8 x C2) : C2", [ 1, 7, 8, 16, 0, 0 ], [ 26, 4, 1, 0, 0, 1 ], [ 8, 2 ], [ 2, 1 ] ]
[ 6, "((C4 x C2) : C2) : C2", [ 1, 11, 20, 0, 0, 0 ], [ 26, 5, 0, 0, 0, 1 ], [ 2, 1 ], [ 4, 2 ] ]
[ 7, "(C8 : C2) : C2", [ 1, 11, 4, 16, 0, 0 ], [ 26, 4, 1, 0, 0, 1 ], [ 2, 1 ], [ 4, 2 ] ]
[ 8, "C2 . ((C4 x C2) : C2) = (C2 x C2) . (C4 x C2)", [ 1, 3, 12, 16, 0, 0 ], [ 26, 4, 1, 0, 0, 1 ], [ 2, 1 ], [ 4, 2 ] ]
[ 9, "(C8 x C2) : C2", [ 1, 11, 12, 8, 0, 0 ], [ 27, 3, 1, 0, 0, 1 ], [ 4, 2 ], [ 4, 1 ] ]
[ 10, "Q8 : C4", [ 1, 3, 20, 8, 0, 0 ], [ 27, 3, 1, 0, 0, 1 ], [ 4, 2 ], [ 4, 1 ] ]
[ 11, "(C4 x C4) : C2", [ 1, 7, 16, 8, 0, 0 ], [ 26, 4, 1, 0, 0, 1 ], [ 4, 1 ], [ 4, 1 ] ]
[ 12, "C4 : C8", [ 1, 3, 12, 16, 0, 0 ], [ 26, 4, 1, 0, 0, 1 ], [ 8, 2 ], [ 2, 1 ] ]
[ 13, "C8 : C4", [ 1, 3, 20, 8, 0, 0 ], [ 26, 4, 1, 0, 0, 1 ], [ 4, 2 ], [ 4, 1 ] ]
[ 14, "C8 : C4", [ 1, 3, 20, 8, 0, 0 ], [ 27, 3, 1, 0, 0, 1 ], [ 4, 2 ], [ 4, 1 ] ]
[ 15, "C4 . D8 = C4 . (C4 x C2)", [ 1, 3, 4, 24, 0, 0 ], [ 26, 4, 1, 0, 0, 1 ], [ 4, 1 ], [ 4, 1 ] ]
[ 16, "C16 x C2", [ 1, 3, 4, 8, 16, 0 ], [ 24, 4, 2, 1, 0, 1 ], [ 32, 16 ], [ 1, 1 ] ]
[ 17, "C16 : C2", [ 1, 3, 4, 8, 16, 0 ], [ 24, 4, 2, 1, 0, 1 ], [ 8, 1 ], [ 2, 1 ] ]
[ 18, "D32", [ 1, 17, 2, 4, 8, 0 ], [ 24, 4, 2, 1, 0, 1 ], [ 2, 1 ], [ 8, 1 ] ]
[ 19, "QD32", [ 1, 9, 10, 4, 8, 0 ], [ 24, 4, 2, 1, 0, 1 ], [ 2, 1 ], [ 8, 1 ] ]
[ 20, "Q32", [ 1, 1, 18, 4, 8, 0 ], [ 24, 4, 2, 1, 0, 1 ], [ 2, 1 ], [ 8, 1 ] ]
[ 21, "C4 x C4 x C2", [ 1, 7, 24, 0, 0, 0 ], [ 28, 3, 0, 0, 0, 1 ], [ 32, 21 ], [ 1, 1 ] ]
[ 22, "C2 x ((C4 x C2) : C2)", [ 1, 15, 16, 0, 0, 0 ], [ 29, 2, 0, 0, 0, 1 ], [ 8, 5 ], [ 2, 1 ] ]
[ 23, "C2 x (C4 : C4)", [ 1, 7, 24, 0, 0, 0 ], [ 29, 2, 0, 0, 0, 1 ], [ 8, 5 ], [ 2, 1 ] ]
[ 24, "(C4 x C4) : C2", [ 1, 7, 24, 0, 0, 0 ], [ 28, 3, 0, 0, 0, 1 ], [ 8, 2 ], [ 2, 1 ] ]
[ 25, "C4 x D8", [ 1, 11, 20, 0, 0, 0 ], [ 28, 3, 0, 0, 0, 1 ], [ 8, 2 ], [ 2, 1 ] ]
[ 26, "C4 x Q8", [ 1, 3, 28, 0, 0, 0 ], [ 28, 3, 0, 0, 0, 1 ], [ 8, 2 ], [ 2, 1 ] ]
[ 27, "(C2 x C2 x C2 x C2) : C2", [ 1, 19, 12, 0, 0, 0 ], [ 28, 3, 0, 0, 0, 1 ], [ 4, 2 ], [ 4, 2 ] ]
[ 28, "(C4 x C2 x C2) : C2", [ 1, 15, 16, 0, 0, 0 ], [ 29, 2, 0, 0, 0, 1 ], [ 4, 2 ], [ 4, 2 ] ]
[ 29, "(C2 x Q8) : C2", [ 1, 7, 24, 0, 0, 0 ], [ 29, 2, 0, 0, 0, 1 ], [ 4, 2 ], [ 4, 2 ] ]
[ 30, "(C4 x C2 x C2) : C2", [ 1, 11, 20, 0, 0, 0 ], [ 28, 3, 0, 0, 0, 1 ], [ 4, 2 ], [ 4, 2 ] ]
[ 31, "(C4 x C4) : C2", [ 1, 11, 20, 0, 0, 0 ], [ 28, 3, 0, 0, 0, 1 ], [ 4, 2 ], [ 4, 2 ] ]
[ 32, "(C2 x C2) . (C2 x C2 x C2)", [ 1, 3, 28, 0, 0, 0 ], [ 28, 3, 0, 0, 0, 1 ], [ 4, 2 ], [ 4, 2 ] ]
[ 33, "(C4 x C4) : C2", [ 1, 7, 24, 0, 0, 0 ], [ 28, 3, 0, 0, 0, 1 ], [ 4, 2 ], [ 4, 2 ] ]
[ 34, "(C4 x C4) : C2", [ 1, 19, 12, 0, 0, 0 ], [ 28, 3, 0, 0, 0, 1 ], [ 4, 2 ], [ 4, 2 ] ]
[ 35, "C4 : Q8", [ 1, 3, 28, 0, 0, 0 ], [ 28, 3, 0, 0, 0, 1 ], [ 4, 2 ], [ 4, 2 ] ]
[ 36, "C8 x C2 x C2", [ 1, 7, 8, 16, 0, 0 ], [ 28, 2, 1, 0, 0, 1 ], [ 32, 36 ], [ 1, 1 ] ]
[ 37, "C2 x (C8 : C2)", [ 1, 7, 8, 16, 0, 0 ], [ 28, 2, 1, 0, 0, 1 ], [ 8, 2 ], [ 2, 1 ] ]
[ 38, "(C8 x C2) : C2", [ 1, 7, 8, 16, 0, 0 ], [ 28, 2, 1, 0, 0, 1 ], [ 8, 1 ], [ 2, 1 ] ]
[ 39, "C2 x D16", [ 1, 19, 4, 8, 0, 0 ], [ 28, 2, 1, 0, 0, 1 ], [ 4, 2 ], [ 4, 1 ] ]
[ 40, "C2 x QD16", [ 1, 11, 12, 8, 0, 0 ], [ 28, 2, 1, 0, 0, 1 ], [ 4, 2 ], [ 4, 1 ] ]
[ 41, "C2 x Q16", [ 1, 3, 20, 8, 0, 0 ], [ 28, 2, 1, 0, 0, 1 ], [ 4, 2 ], [ 4, 1 ] ]
[ 42, "(C8 x C2) : C2", [ 1, 11, 12, 8, 0, 0 ], [ 28, 2, 1, 0, 0, 1 ], [ 4, 1 ], [ 4, 1 ] ]
[ 43, "(C2 x D8) : C2", [ 1, 15, 8, 8, 0, 0 ], [ 28, 2, 1, 0, 0, 1 ], [ 2, 1 ], [ 4, 1 ] ]
[ 44, "(C2 x Q8) : C2", [ 1, 7, 16, 8, 0, 0 ], [ 28, 2, 1, 0, 0, 1 ], [ 2, 1 ], [ 4, 1 ] ]
[ 45, "C4 x C2 x C2 x C2", [ 1, 15, 16, 0, 0, 0 ], [ 30, 1, 0, 0, 0, 1 ], [ 32, 45 ], [ 1, 1 ] ]
[ 46, "C2 x C2 x D8", [ 1, 23, 8, 0, 0, 0 ], [ 30, 1, 0, 0, 0, 1 ], [ 8, 5 ], [ 2, 1 ] ]
[ 47, "C2 x C2 x Q8", [ 1, 7, 24, 0, 0, 0 ], [ 30, 1, 0, 0, 0, 1 ], [ 8, 5 ], [ 2, 1 ] ]
[ 48, "C2 x ((C4 x C2) : C2)", [ 1, 15, 16, 0, 0, 0 ], [ 30, 1, 0, 0, 0, 1 ], [ 8, 2 ], [ 2, 1 ] ]
[ 49, "(C2 x D8) : C2", [ 1, 19, 12, 0, 0, 0 ], [ 30, 1, 0, 0, 0, 1 ], [ 2, 1 ], [ 2, 1 ] ]
[ 50, "(C2 x Q8) : C2", [ 1, 11, 20, 0, 0, 0 ], [ 30, 1, 0, 0, 0, 1 ], [ 2, 1 ], [ 2, 1 ] ]
[ 51, "C2 x C2 x C2 x C2 x C2", [ 1, 31, 0, 0, 0, 0 ], [ 31, 0, 0, 0, 0, 1 ], [ 32, 51 ], [ 1, 1 ] ]

33
[ 1, "C33", [ 1, 2, 10, 20 ], [ 20, 10, 2, 1 ], [ 33, 1 ], [ 1, 1 ] ]

34
[ 1, "D34", [ 1, 17, 16, 0 ], [ 0, 16, 17, 1 ], [ 1, 1 ], [ 17, 1 ] ]
[ 2, "C34", [ 1, 1, 16, 16 ], [ 16, 16, 1, 1 ], [ 34, 2 ], [ 1, 1 ] ]

35
[ 1, "C35", [ 1, 4, 6, 24 ], [ 24, 6, 4, 1 ], [ 35, 1 ], [ 1, 1 ] ]

36
[ 1, "C9 : C4", [ 1, 1, 2, 18, 2, 6, 0, 6, 0 ], [ 6, 0, 2, 6, 0, 18, 2, 1, 1 ], [ 2, 1 ], [ 9, 1 ] ]
[ 2, "C36", [ 1, 1, 2, 2, 2, 6, 4, 6, 12 ], [ 12, 6, 4, 6, 2, 2, 2, 1, 1 ], [ 36, 2 ], [ 1, 1 ] ]
[ 3, "(C2 x C2) : C9", [ 1, 3, 2, 0, 6, 24, 0, 0, 0 ], [ 6, 0, 0, 24, 0, 3, 2, 0, 1 ], [ 3, 1 ], [ 4, 2 ] ]
[ 4, "D36", [ 1, 19, 2, 0, 2, 6, 0, 6, 0 ], [ 6, 0, 2, 6, 0, 19, 2, 0, 1 ], [ 2, 1 ], [ 9, 1 ] ]
[ 5, "C18 x C2", [ 1, 3, 2, 0, 6, 6, 0, 18, 0 ], [ 18, 0, 6, 6, 0, 3, 2, 0, 1 ], [ 36, 5 ], [ 1, 1 ] ]
[ 6, "C3 x (C3 : C4)", [ 1, 1, 8, 6, 8, 0, 12, 0, 0 ], [ 18, 2, 0, 8, 0, 6, 0, 1, 1 ], [ 6, 2 ], [ 3, 1 ] ]
[ 7, "(C3 x C3) : C4", [ 1, 1, 8, 18, 8, 0, 0, 0, 0 ], [ 8, 0, 0, 8, 0, 18, 0, 1, 1 ], [ 2, 1 ], [ 9, 2 ] ]
[ 8, "C12 x C3", [ 1, 1, 8, 2, 8, 0, 16, 0, 0 ], [ 16, 8, 0, 8, 0, 2, 0, 1, 1 ], [ 36, 8 ], [ 1, 1 ] ]
[ 9, "(C3 x C3) : C4", [ 1, 9, 8, 18, 0, 0, 0, 0, 0 ], [ 0, 0, 0, 8, 0, 18, 0, 9, 1 ], [ 1, 1 ], [ 9, 2 ] ]
[ 10, "S3 x S3", [ 1, 15, 8, 0, 12, 0, 0, 0, 0 ], [ 12, 0, 0, 8, 0, 15, 0, 0, 1 ], [ 1, 1 ], [ 9, 2 ] ]
[ 11, "C3 x A4", [ 1, 3, 26, 0, 6, 0, 0, 0, 0 ], [ 6, 0, 0, 26, 0, 3, 0, 0, 1 ], [ 3, 1 ], [ 4, 2 ] ]
[ 12, "C6 x S3", [ 1, 7, 8, 0, 20, 0, 0, 0, 0 ], [ 20, 0, 0, 8, 0, 7, 0, 0, 1 ], [ 6, 2 ], [ 3, 1 ] ]
[ 13, "C2 x ((C3 x C3) : C2)", [ 1, 19, 8, 0, 8, 0, 0, 0, 0 ], [ 8, 0, 0, 8, 0, 19, 0, 0, 1 ], [ 2, 1 ], [ 9, 2 ] ]
[ 14, "C6 x C6", [ 1, 3, 8, 0, 24, 0, 0, 0, 0 ], [ 24, 0, 0, 8, 0, 3, 0, 0, 1 ], [ 36, 14 ], [ 1, 1 ] ]

37
[ 1, "C37", [ 1, 36 ], [ 36, 1 ], [ 37, 1 ], [ 1, 1 ] ]

38
[ 1, "D38", [ 1, 19, 18, 0 ], [ 0, 18, 19, 1 ], [ 1, 1 ], [ 19, 1 ] ]
[ 2, "C38", [ 1, 1, 18, 18 ], [ 18, 18, 1, 1 ], [ 38, 2 ], [ 1, 1 ] ]

39
[ 1, "C13 : C3", [ 1, 26, 12, 0 ], [ 0, 12, 26, 1 ], [ 1, 1 ], [ 13, 1 ] ]
[ 2, "C39", [ 1, 2, 12, 24 ], [ 24, 12, 2, 1 ], [ 39, 2 ], [ 1, 1 ] ]

40
[ 1, "C5 : C8", [ 1, 1, 2, 4, 20, 4, 8, 0 ], [ 8, 4, 0, 20, 4, 2, 1, 1 ], [ 4, 1 ], [ 5, 1 ] ]
[ 2, "C40", [ 1, 1, 2, 4, 4, 4, 8, 16 ], [ 16, 8, 4, 4, 4, 2, 1, 1 ], [ 40, 2 ], [ 1, 1 ] ]
[ 3, "C5 : C8", [ 1, 1, 10, 4, 20, 4, 0, 0 ], [ 4, 0, 0, 20, 4, 10, 1, 1 ], [ 2, 1 ], [ 5, 1 ] ]
[ 4, "C5 : Q8", [ 1, 1, 22, 4, 0, 4, 8, 0 ], [ 8, 4, 0, 22, 4, 1, 0, 1 ], [ 2, 1 ], [ 10, 2 ] ]
[ 5, "C4 x D10", [ 1, 11, 12, 4, 0, 4, 8, 0 ], [ 8, 4, 0, 22, 4, 1, 0, 1 ], [ 4, 1 ], [ 5, 1 ] ]
[ 6, "D40", [ 1, 21, 2, 4, 0, 4, 8, 0 ], [ 8, 4, 0, 22, 4, 1, 0, 1 ], [ 2, 1 ], [ 10, 2 ] ]
[ 7, "C2 x (C5 : C4)", [ 1, 3, 20, 4, 0, 12, 0, 0 ], [ 12, 0, 0, 22, 4, 1, 0, 1 ], [ 4, 2 ], [ 5, 1 ] ]
[ 8, "(C10 x C2) : C2", [ 1, 13, 10, 4, 0, 12, 0, 0 ], [ 12, 0, 0, 22, 4, 1, 0, 1 ], [ 2, 1 ], [ 10, 2 ] ]
[ 9, "C20 x C2", [ 1, 3, 4, 4, 0, 12, 16, 0 ], [ 24, 4, 0, 6, 4, 1, 0, 1 ], [ 40, 9 ], [ 1, 1 ] ]
[ 10, "C5 x D8", [ 1, 5, 2, 4, 0, 20, 8, 0 ], [ 24, 4, 0, 6, 4, 1, 0, 1 ], [ 10, 2 ], [ 2, 1 ] ]
[ 11, "C5 x Q8", [ 1, 1, 6, 4, 0, 4, 24, 0 ], [ 24, 4, 0, 6, 4, 1, 0, 1 ], [ 10, 2 ], [ 2, 1 ] ]
[ 12, "C2 x (C5 : C4)", [ 1, 11, 20, 4, 0, 4, 0, 0 ], [ 4, 0, 0, 26, 4, 5, 0, 1 ], [ 2, 1 ], [ 5, 1 ] ]
[ 13, "C2 x C2 x D10", [ 1, 23, 0, 4, 0, 12, 0, 0 ], [ 12, 0, 0, 23, 4, 0, 0, 1 ], [ 4, 2 ], [ 5, 1 ] ]
[ 14, "C10 x C2 x C2", [ 1, 7, 0, 4, 0, 28, 0, 0 ], [ 28, 0, 0, 7, 4, 0, 0, 1 ], [ 40, 14 ], [ 1, 1 ] ]

41
[ 1, "C41", [ 1, 40 ], [ 40, 1 ], [ 41, 1 ], [ 1, 1 ] ]

42
[ 1, "(C7 : C3) : C2", [ 1, 7, 14, 14, 6, 0, 0, 0 ], [ 0, 0, 0, 6, 14, 14, 7, 1 ], [ 1, 1 ], [ 7, 1 ] ]
[ 2, "C2 x (C7 : C3)", [ 1, 1, 14, 14, 6, 6, 0, 0 ], [ 0, 0, 6, 6, 14, 14, 1, 1 ], [ 2, 1 ], [ 7, 1 ] ]
[ 3, "C7 x S3", [ 1, 3, 2, 0, 6, 18, 12, 0 ], [ 0, 12, 18, 6, 0, 2, 3, 1 ], [ 7, 1 ], [ 3, 1 ] ]
[ 4, "C3 x D14", [ 1, 7, 2, 14, 6, 0, 12, 0 ], [ 0, 12, 0, 6, 14, 2, 7, 1 ], [ 3, 1 ], [ 7, 1 ] ]
[ 5, "D42", [ 1, 21, 2, 0, 6, 0, 12, 0 ], [ 0, 12, 0, 6, 0, 2, 21, 1 ], [ 1, 1 ], [ 21, 2 ] ]
[ 6, "C42", [ 1, 1, 2, 2, 6, 6, 12, 12 ], [ 12, 12, 6, 6, 2, 2, 1, 1 ], [ 42, 6 ], [ 1, 1 ] ]

43
[ 1, "C43", [ 1, 42 ], [ 42, 1 ], [ 43, 1 ], [ 1, 1 ] ]

44
[ 1, "C11 : C4", [ 1, 1, 22, 10, 10, 0 ], [ 10, 0, 10, 22, 1, 1 ], [ 2, 1 ], [ 11, 1 ] ]
[ 2, "C44", [ 1, 1, 2, 10, 10, 20 ], [ 20, 10, 10, 2, 1, 1 ], [ 44, 2 ], [ 1, 1 ] ]
[ 3, "D44", [ 1, 23, 0, 10, 10, 0 ], [ 10, 0, 10, 23, 0, 1 ], [ 2, 1 ], [ 11, 1 ] ]
[ 4, "C22 x C2", [ 1, 3, 0, 10, 30, 0 ], [ 30, 0, 10, 3, 0, 1 ], [ 44, 4 ], [ 1, 1 ] ]

45
[ 1, "C45", [ 1, 2, 4, 6, 8, 24 ], [ 24, 8, 6, 4, 2, 1 ], [ 45, 1 ], [ 1, 1 ] ]
[ 2, "C15 x C3", [ 1, 8, 4, 0, 32, 0 ], [ 32, 0, 8, 4, 0, 1 ], [ 45, 2 ], [ 1, 1 ] ]

46
[ 1, "D46", [ 1, 23, 22, 0 ], [ 0, 22, 23, 1 ], [ 1, 1 ], [ 23, 1 ] ]
[ 2, "C46", [ 1, 1, 22, 22 ], [ 22, 22, 1, 1 ], [ 46, 2 ], [ 1, 1 ] ]

47
[ 1, "C47", [ 1, 46 ], [ 46, 1 ], [ 47, 1 ], [ 1, 1 ] ]

48
[ 1, "C3 : C16", [ 1, 1, 2, 2, 2, 4, 4, 24, 8, 0 ], [ 8, 4, 24, 2, 4, 0, 2, 2, 1, 1 ], [ 8, 1 ], [ 3, 1 ] ]
[ 2, "C48", [ 1, 1, 2, 2, 2, 4, 4, 8, 8, 16 ], [ 16, 8, 8, 4, 4, 2, 2, 2, 1, 1 ], [ 48, 2 ], [ 1, 1 ] ]
[ 3, "(C4 x C4) : C3", [ 1, 3, 32, 12, 0, 0, 0, 0, 0, 0 ], [ 0, 0, 12, 0, 3, 0, 0, 32, 0, 1 ], [ 1, 1 ], [ 16, 2 ] ]
[ 4, "C8 x S3", [ 1, 7, 2, 8, 2, 16, 4, 0, 8, 0 ], [ 8, 4, 28, 2, 2, 0, 1, 2, 0, 1 ], [ 8, 1 ], [ 3, 1 ] ]
[ 5, "C24 : C2", [ 1, 7, 2, 8, 2, 16, 4, 0, 8, 0 ], [ 8, 4, 28, 2, 2, 0, 1, 2, 0, 1 ], [ 4, 1 ], [ 6, 2 ] ]
[ 6, "C24 : C2", [ 1, 13, 2, 14, 2, 4, 4, 0, 8, 0 ], [ 8, 4, 28, 2, 2, 0, 1, 2, 0, 1 ], [ 2, 1 ], [ 12, 2 ] ]
[ 7, "D48", [ 1, 25, 2, 2, 2, 4, 4, 0, 8, 0 ], [ 8, 4, 28, 2, 2, 0, 1, 2, 0, 1 ], [ 2, 1 ], [ 12, 2 ] ]
[ 8, "C3 : Q16", [ 1, 1, 2, 26, 2, 4, 4, 0, 8, 0 ], [ 8, 4, 28, 2, 2, 0, 1, 2, 0, 1 ], [ 2, 1 ], [ 12, 2 ] ]
[ 9, "C2 x (C3 : C8)", [ 1, 3, 2, 4, 6, 24, 8, 0, 0, 0 ], [ 12, 2, 28, 0, 2, 0, 1, 2, 0, 1 ], [ 8, 2 ], [ 3, 1 ] ]
[ 10, "(C3 : C8) : C2", [ 1, 3, 2, 4, 6, 24, 8, 0, 0, 0 ], [ 12, 2, 28, 0, 2, 0, 1, 2, 0, 1 ], [ 4, 1 ], [ 6, 2 ] ]
[ 11, "C4 x (C3 : C4)", [ 1, 3, 2, 28, 6, 0, 8, 0, 0, 0 ], [ 12, 2, 28, 0, 3, 0, 0, 2, 0, 1 ], [ 8, 2 ], [ 3, 1 ] ]
[ 12, "(C3 : C4) : C4", [ 1, 3, 2, 28, 6, 0, 8, 0, 0, 0 ], [ 12, 2, 29, 0, 2, 0, 0, 2, 0, 1 ], [ 4, 2 ], [ 6, 2 ] ]
[ 13, "C12 : C4", [ 1, 3, 2, 28, 6, 0, 8, 0, 0, 0 ], [ 12, 2, 29, 0, 2, 0, 0, 2, 0, 1 ], [ 4, 2 ], [ 6, 2 ] ]
[ 14, "(C12 x C2) : C2", [ 1, 15, 2, 16, 6, 0, 8, 0, 0, 0 ], [ 12, 2, 29, 0, 2, 0, 0, 2, 0, 1 ], [ 4, 2 ], [ 6, 2 ] ]
[ 15, "(C3 x D8) : C2", [ 1, 17, 2, 2, 10, 12, 4, 0, 0, 0 ], [ 12, 2, 28, 0, 2, 0, 1, 2, 0, 1 ], [ 2, 1 ], [ 12, 2 ] ]
[ 16, "(C3 : C8) : C2", [ 1, 5, 2, 14, 10, 12, 4, 0, 0, 0 ], [ 12, 2, 28, 0, 2, 0, 1, 2, 0, 1 ], [ 2, 1 ], [ 12, 2 ] ]
[ 17, "(C3 x Q8) : C2", [ 1, 13, 2, 6, 2, 12, 12, 0, 0, 0 ], [ 12, 2, 28, 0, 2, 0, 1, 2, 0, 1 ], [ 2, 1 ], [ 12, 2 ] ]
[ 18, "C3 : Q16", [ 1, 1, 2, 18, 2, 12, 12, 0, 0, 0 ], [ 12, 2, 28, 0, 2, 0, 1, 2, 0, 1 ], [ 2, 1 ], [ 12, 2 ] ]
[ 19, "(C2 x (C3 : C4)) : C2", [ 1, 7, 2, 24, 14, 0, 0, 0, 0, 0 ], [ 14, 0, 29, 0, 2, 0, 0, 2, 0, 1 ], [ 4, 2 ], [ 6, 2 ] ]
[ 20, "C12 x C4", [ 1, 3, 2, 12, 6, 0, 24, 0, 0, 0 ], [ 24, 6, 12, 0, 3, 0, 0, 2, 0, 1 ], [ 48, 20 ], [ 1, 1 ] ]
[ 21, "C3 x ((C4 x C2) : C2)", [ 1, 7, 2, 8, 14, 0, 16, 0, 0, 0 ], [ 26, 4, 13, 0, 2, 0, 0, 2, 0, 1 ], [ 12, 5 ], [ 2, 1 ] ]
[ 22, "C3 x (C4 : C4)", [ 1, 3, 2, 12, 6, 0, 24, 0, 0, 0 ], [ 26, 4, 13, 0, 2, 0, 0, 2, 0, 1 ], [ 12, 5 ], [ 2, 1 ] ]
[ 23, "C24 x C2", [ 1, 3, 2, 4, 6, 8, 8, 0, 16, 0 ], [ 24, 4, 12, 2, 2, 0, 1, 2, 0, 1 ], [ 48, 23 ], [ 1, 1 ] ]
[ 24, "C3 x (C8 : C2)", [ 1, 3, 2, 4, 6, 8, 8, 0, 16, 0 ], [ 24, 4, 12, 2, 2, 0, 1, 2, 0, 1 ], [ 12, 2 ], [ 2, 1 ] ]
[ 25, "C3 x D16", [ 1, 9, 2, 2, 18, 4, 4, 0, 8, 0 ], [ 24, 4, 12, 2, 2, 0, 1, 2, 0, 1 ], [ 6, 2 ], [ 4, 1 ] ]
[ 26, "C3 x QD16", [ 1, 5, 2, 6, 10, 4, 12, 0, 8, 0 ], [ 24, 4, 12, 2, 2, 0, 1, 2, 0, 1 ], [ 6, 2 ], [ 4, 1 ] ]
[ 27, "C3 x Q16", [ 1, 1, 2, 10, 2, 4, 20, 0, 8, 0 ], [ 24, 4, 12, 2, 2, 0, 1, 2, 0, 1 ], [ 6, 2 ], [ 4, 1 ] ]
[ 28, "C2 . S4 = SL(2,3) . C2", [ 1, 1, 8, 18, 8, 12, 0, 0, 0, 0 ], [ 8, 0, 24, 0, 6, 0, 1, 8, 0, 1 ], [ 2, 1 ], [ 24, 3 ] ]
[ 29, "GL(2,3)", [ 1, 13, 8, 6, 8, 12, 0, 0, 0, 0 ], [ 8, 0, 24, 0, 6, 0, 1, 8, 0, 1 ], [ 2, 1 ], [ 24, 3 ] ]
[ 30, "A4 : C4", [ 1, 7, 8, 24, 8, 0, 0, 0, 0, 0 ], [ 8, 0, 27, 0, 4, 0, 0, 8, 0, 1 ], [ 2, 1 ], [ 12, 3 ] ]
[ 31, "C4 x A4", [ 1, 7, 8, 8, 8, 0, 16, 0, 0, 0 ], [ 16, 8, 14, 0, 1, 0, 0, 8, 0, 1 ], [ 4, 1 ], [ 4, 2 ] ]
[ 32, "C2 x SL(2,3)", [ 1, 3, 8, 12, 24, 0, 0, 0, 0, 0 ], [ 24, 0, 14, 0, 1, 0, 0, 8, 0, 1 ], [ 4, 2 ], [ 8, 4 ] ]
[ 33, "SL(2,3) : C2", [ 1, 7, 8, 8, 8, 0, 16, 0, 0, 0 ], [ 16, 8, 14, 0, 1, 0, 0, 8, 0, 1 ], [ 4, 1 ], [ 8, 4 ] ]
[ 34, "C2 x (C3 : Q8)", [ 1, 3, 2, 28, 6, 0, 8, 0, 0, 0 ], [ 12, 2, 30, 0, 1, 0, 0, 2, 0, 1 ], [ 4, 2 ], [ 6, 2 ] ]
[ 35, "C2 x C4 x S3", [ 1, 15, 2, 16, 6, 0, 8, 0, 0, 0 ], [ 12, 2, 30, 0, 1, 0, 0, 2, 0, 1 ], [ 8, 2 ], [ 3, 1 ] ]
[ 36, "C2 x D24", [ 1, 27, 2, 4, 6, 0, 8, 0, 0, 0 ], [ 12, 2, 30, 0, 1, 0, 0, 2, 0, 1 ], [ 4, 2 ], [ 6, 2 ] ]
[ 37, "(C12 x C2) : C2", [ 1, 15, 2, 16, 6, 0, 8, 0, 0, 0 ], [ 12, 2, 30, 0, 1, 0, 0, 2, 0, 1 ], [ 4, 1 ], [ 6, 2 ] ]
[ 38, "D8 x S3", [ 1, 23, 2, 8, 10, 0, 4, 0, 0, 0 ], [ 12, 2, 30, 0, 1, 0, 0, 2, 0, 1 ], [ 2, 1 ], [ 6, 2 ] ]
[ 39, "(C2 x (C3 : C4)) : C2", [ 1, 11, 2, 20, 10, 0, 4, 0, 0, 0 ], [ 12, 2, 30, 0, 1, 0, 0, 2, 0, 1 ], [ 2, 1 ], [ 6, 2 ] ]
[ 40, "Q8 x S3", [ 1, 7, 2, 24, 2, 0, 12, 0, 0, 0 ], [ 12, 2, 30, 0, 1, 0, 0, 2, 0, 1 ], [ 2, 1 ], [ 6, 2 ] ]
[ 41, "(C4 x S3) : C2", [ 1, 19, 2, 12, 2, 0, 12, 0, 0, 0 ], [ 12, 2, 30, 0, 1, 0, 0, 2, 0, 1 ], [ 2, 1 ], [ 6, 2 ] ]
[ 42, "C2 x C2 x (C3 : C4)", [ 1, 7, 2, 24, 14, 0, 0, 0, 0, 0 ], [ 14, 0, 30, 0, 1, 0, 0, 2, 0, 1 ], [ 8, 5 ], [ 3, 1 ] ]
[ 43, "C2 x ((C6 x C2) : C2)", [ 1, 19, 2, 12, 14, 0, 0, 0, 0, 0 ], [ 14, 0, 30, 0, 1, 0, 0, 2, 0, 1 ], [ 4, 2 ], [ 6, 2 ] ]
[ 44, "C12 x C2 x C2", [ 1, 7, 2, 8, 14, 0, 16, 0, 0, 0 ], [ 28, 2, 14, 0, 1, 0, 0, 2, 0, 1 ], [ 48, 44 ], [ 1, 1 ] ]
[ 45, "C6 x D8", [ 1, 11, 2, 4, 22, 0, 8, 0, 0, 0 ], [ 28, 2, 14, 0, 1, 0, 0, 2, 0, 1 ], [ 12, 5 ], [ 2, 1 ] ]
[ 46, "C6 x Q8", [ 1, 3, 2, 12, 6, 0, 24, 0, 0, 0 ], [ 28, 2, 14, 0, 1, 0, 0, 2, 0, 1 ], [ 12, 5 ], [ 2, 1 ] ]
[ 47, "C3 x ((C4 x C2) : C2)", [ 1, 7, 2, 8, 14, 0, 16, 0, 0, 0 ], [ 28, 2, 14, 0, 1, 0, 0, 2, 0, 1 ], [ 12, 2 ], [ 2, 1 ] ]
[ 48, "C2 x S4", [ 1, 19, 8, 12, 8, 0, 0, 0, 0, 0 ], [ 8, 0, 28, 0, 3, 0, 0, 8, 0, 1 ], [ 2, 1 ], [ 12, 3 ] ]
[ 49, "C2 x C2 x A4", [ 1, 15, 8, 0, 24, 0, 0, 0, 0, 0 ], [ 24, 0, 15, 0, 0, 0, 0, 8, 0, 1 ], [ 4, 2 ], [ 4, 2 ] ]
[ 50, "(C2 x C2 x C2 x C2) : C3", [ 1, 15, 32, 0, 0, 0, 0, 0, 0, 0 ], [ 0, 0, 15, 0, 0, 0, 0, 32, 0, 1 ], [ 1, 1 ], [ 16, 14 ] ]
[ 51, "C2 x C2 x C2 x S3", [ 1, 31, 2, 0, 14, 0, 0, 0, 0, 0 ], [ 14, 0, 31, 0, 0, 0, 0, 2, 0, 1 ], [ 8, 5 ], [ 3, 1 ] ]
[ 52, "C6 x C2 x C2 x C2", [ 1, 15, 2, 0, 30, 0, 0, 0, 0, 0 ], [ 30, 0, 15, 0, 0, 0, 0, 2, 0, 1 ], [ 48, 52 ], [ 1, 1 ] ]

49
[ 1, "C49", [ 1, 6, 42 ], [ 42, 6, 1 ], [ 49, 1 ], [ 1, 1 ] ]
[ 2, "C7 x C7", [ 1, 48, 0 ], [ 48, 0, 1 ], [ 49, 2 ], [ 1, 1 ] ]

50
[ 1, "D50", [ 1, 25, 4, 0, 20, 0 ], [ 0, 20, 0, 4, 25, 1 ], [ 1, 1 ], [ 25, 1 ] ]
[ 2, "C50", [ 1, 1, 4, 4, 20, 20 ], [ 20, 20, 4, 4, 1, 1 ], [ 50, 2 ], [ 1, 1 ] ]
[ 3, "C5 x D10", [ 1, 5, 24, 20, 0, 0 ], [ 20, 24, 0, 0, 5, 1 ], [ 5, 1 ], [ 5, 1 ] ]
[ 4, "(C5 x C5) : C2", [ 1, 25, 24, 0, 0, 0 ], [ 0, 24, 0, 0, 25, 1 ], [ 1, 1 ], [ 25, 2 ] ]
[ 5, "C10 x C5", [ 1, 1, 24, 24, 0, 0 ], [ 24, 24, 0, 0, 1, 1 ], [ 50, 5 ], [ 1, 1 ] ]

51
[ 1, "C51", [ 1, 2, 16, 32 ], [ 32, 16, 2, 1 ], [ 51, 1 ], [ 1, 1 ] ]

52
[ 1, "C13 : C4", [ 1, 1, 26, 12, 12, 0 ], [ 12, 0, 12, 26, 1, 1 ], [ 2, 1 ], [ 13, 1 ] ]
[ 2, "C52", [ 1, 1, 2, 12, 12, 24 ], [ 24, 12, 12, 2, 1, 1 ], [ 52, 2 ], [ 1, 1 ] ]
[ 3, "C13 : C4", [ 1, 13, 26, 12, 0, 0 ], [ 0, 0, 12, 26, 13, 1 ], [ 1, 1 ], [ 13, 1 ] ]
[ 4, "D52", [ 1, 27, 0, 12, 12, 0 ], [ 12, 0, 12, 27, 0, 1 ], [ 2, 1 ], [ 13, 1 ] ]
[ 5, "C26 x C2", [ 1, 3, 0, 12, 36, 0 ], [ 36, 0, 12, 3, 0, 1 ], [ 52, 5 ], [ 1, 1 ] ]

53
[ 1, "C53", [ 1, 52 ], [ 52, 1 ], [ 53, 1 ], [ 1, 1 ] ]

54
[ 1, "D54", [ 1, 27, 2, 0, 6, 0, 18, 0 ], [ 0, 18, 0, 6, 0, 2, 27, 1 ], [ 1, 1 ], [ 27, 1 ] ]
[ 2, "C54", [ 1, 1, 2, 2, 6, 6, 18, 18 ], [ 18, 18, 6, 6, 2, 2, 1, 1 ], [ 54, 2 ], [ 1, 1 ] ]
[ 3, "C3 x D18", [ 1, 9, 8, 18, 18, 0, 0, 0 ], [ 18, 24, 0, 2, 0, 0, 9, 1 ], [ 3, 1 ], [ 9, 1 ] ]
[ 4, "C9 x S3", [ 1, 3, 8, 6, 18, 18, 0, 0 ], [ 18, 24, 6, 2, 0, 0, 3, 1 ], [ 9, 1 ], [ 3, 1 ] ]
[ 5, "((C3 x C3) : C3) : C2", [ 1, 9, 26, 18, 0, 0, 0, 0 ], [ 18, 26, 0, 0, 0, 0, 9, 1 ], [ 1, 1 ], [ 9, 2 ] ]
[ 6, "(C9 : C3) : C2", [ 1, 9, 8, 18, 18, 0, 0, 0 ], [ 18, 24, 0, 2, 0, 0, 9, 1 ], [ 1, 1 ], [ 9, 1 ] ]
[ 7, "(C9 x C3) : C2", [ 1, 27, 8, 0, 18, 0, 0, 0 ], [ 0, 24, 0, 2, 0, 0, 27, 1 ], [ 1, 1 ], [ 27, 2 ] ]
[ 8, "((C3 x C3) : C3) : C2", [ 1, 9, 26, 18, 0, 0, 0, 0 ], [ 18, 26, 0, 0, 0, 0, 9, 1 ], [ 3, 1 ], [ 27, 3 ] ]
[ 9, "C18 x C3", [ 1, 1, 8, 8, 18, 18, 0, 0 ], [ 24, 24, 2, 2, 0, 0, 1, 1 ], [ 54, 9 ], [ 1, 1 ] ]
[ 10, "C2 x ((C3 x C3) : C3)", [ 1, 1, 26, 26, 0, 0, 0, 0 ], [ 26, 26, 0, 0, 0, 0, 1, 1 ], [ 6, 2 ], [ 3, 1 ] ]
[ 11, "C2 x (C9 : C3)", [ 1, 1, 8, 8, 18, 18, 0, 0 ], [ 24, 24, 2, 2, 0, 0, 1, 1 ], [ 6, 2 ], [ 3, 1 ] ]
[ 12, "C3 x C3 x S3", [ 1, 3, 26, 24, 0, 0, 0, 0 ], [ 24, 26, 0, 0, 0, 0, 3, 1 ], [ 9, 2 ], [ 3, 1 ] ]
[ 13, "C3 x ((C3 x C3) : C2)", [ 1, 9, 26, 18, 0, 0, 0, 0 ], [ 18, 26, 0, 0, 0, 0, 9, 1 ], [ 3, 1 ], [ 9, 2 ] ]
[ 14, "(C3 x C3 x C3) : C2", [ 1, 27, 26, 0, 0, 0, 0, 0 ], [ 0, 26, 0, 0, 0, 0, 27, 1 ], [ 1, 1 ], [ 27, 5 ] ]
[ 15, "C6 x C3 x C3", [ 1, 1, 26, 26, 0, 0, 0, 0 ], [ 26, 26, 0, 0, 0, 0, 1, 1 ], [ 54, 15 ], [ 1, 1 ] ]

55
[ 1, "C11 : C5", [ 1, 44, 10, 0 ], [ 0, 10, 44, 1 ], [ 1, 1 ], [ 11, 1 ] ]
[ 2, "C55", [ 1, 4, 10, 40 ], [ 40, 10, 4, 1 ], [ 55, 2 ], [ 1, 1 ] ]

56
[ 1, "C7 : C8", [ 1, 1, 2, 6, 28, 6, 12, 0 ], [ 12, 6, 0, 28, 6, 2, 1, 1 ], [ 4, 1 ], [ 7, 1 ] ]
[ 2, "C56", [ 1, 1, 2, 6, 4, 6, 12, 24 ], [ 24, 12, 6, 4, 6, 2, 1, 1 ], [ 56, 2 ], [ 1, 1 ] ]
[ 3, "C7 : Q8", [ 1, 1, 30, 6, 0, 6, 12, 0 ], [ 12, 6, 0, 30, 6, 1, 0, 1 ], [ 2, 1 ], [ 14, 2 ] ]
[ 4, "C4 x D14", [ 1, 15, 16, 6, 0, 6, 12, 0 ], [ 12, 6, 0, 30, 6, 1, 0, 1 ], [ 4, 1 ], [ 7, 1 ] ]
[ 5, "D56", [ 1, 29, 2, 6, 0, 6, 12, 0 ], [ 12, 6, 0, 30, 6, 1, 0, 1 ], [ 2, 1 ], [ 14, 2 ] ]
[ 6, "C2 x (C7 : C4)", [ 1, 3, 28, 6, 0, 18, 0, 0 ], [ 18, 0, 0, 30, 6, 1, 0, 1 ], [ 4, 2 ], [ 7, 1 ] ]
[ 7, "(C14 x C2) : C2", [ 1, 17, 14, 6, 0, 18, 0, 0 ], [ 18, 0, 0, 30, 6, 1, 0, 1 ], [ 2, 1 ], [ 14, 2 ] ]
[ 8, "C28 x C2", [ 1, 3, 4, 6, 0, 18, 24, 0 ], [ 36, 6, 0, 6, 6, 1, 0, 1 ], [ 56, 8 ], [ 1, 1 ] ]
[ 9, "C7 x D8", [ 1, 5, 2, 6, 0, 30, 12, 0 ], [ 36, 6, 0, 6, 6, 1, 0, 1 ], [ 14, 2 ], [ 2, 1 ] ]
[ 10, "C7 x Q8", [ 1, 1, 6, 6, 0, 6, 36, 0 ], [ 36, 6, 0, 6, 6, 1, 0, 1 ], [ 14, 2 ], [ 2, 1 ] ]
[ 11, "(C2 x C2 x C2) : C7", [ 1, 7, 0, 48, 0, 0, 0, 0 ], [ 0, 0, 0, 7, 48, 0, 0, 1 ], [ 1, 1 ], [ 8, 5 ] ]
[ 12, "C2 x C2 x D14", [ 1, 31, 0, 6, 0, 18, 0, 0 ], [ 18, 0, 0, 31, 6, 0, 0, 1 ], [ 4, 2 ], [ 7, 1 ] ]
[ 13, "C14 x C2 x C2", [ 1, 7, 0, 6, 0, 42, 0, 0 ], [ 42, 0, 0, 7, 6, 0, 0, 1 ], [ 56, 13 ], [ 1, 1 ] ]

57
[ 1, "C19 : C3", [ 1, 38, 18, 0 ], [ 0, 18, 38, 1 ], [ 1, 1 ], [ 19, 1 ] ]
[ 2, "C57", [ 1, 2, 18, 36 ], [ 36, 18, 2, 1 ], [ 57, 2 ], [ 1, 1 ] ]

58
[ 1, "D58", [ 1, 29, 28, 0 ], [ 0, 28, 29, 1 ], [ 1, 1 ], [ 29, 1 ] ]
[ 2, "C58", [ 1, 1, 28, 28 ], [ 28, 28, 1, 1 ], [ 58, 2 ], [ 1, 1 ] ]

59
[ 1, "C59", [ 1, 58 ], [ 58, 1 ], [ 59, 1 ], [ 1, 1 ] ]

60
[ 1, "C5 x (C3 : C4)", [ 1, 1, 2, 6, 4, 2, 4, 0, 8, 24, 8, 0 ], [ 8, 0, 24, 8, 2, 4, 0, 4, 6, 2, 1, 1 ], [ 10, 2 ], [ 3, 1 ] ]
[ 2, "C3 x (C5 : C4)", [ 1, 1, 2, 10, 4, 2, 4, 20, 8, 0, 8, 0 ], [ 8, 0, 4, 8, 20, 0, 2, 4, 10, 2, 1, 1 ], [ 6, 2 ], [ 5, 1 ] ]
[ 3, "C15 : C4", [ 1, 1, 2, 30, 4, 2, 4, 0, 8, 0, 8, 0 ], [ 8, 0, 4, 8, 2, 0, 0, 4, 30, 2, 1, 1 ], [ 2, 1 ], [ 15, 1 ] ]
[ 4, "C60", [ 1, 1, 2, 2, 4, 2, 4, 4, 8, 8, 8, 16 ], [ 16, 8, 8, 8, 4, 4, 2, 4, 2, 2, 1, 1 ], [ 60, 4 ], [ 1, 1 ] ]
[ 5, "A5", [ 1, 15, 20, 0, 24, 0, 0, 0, 0, 0, 0, 0 ], [ 0, 0, 0, 0, 0, 0, 0, 24, 15, 20, 0, 1 ], [ 1, 1 ], [ 60, 5 ] ]
[ 6, "C3 x (C5 : C4)", [ 1, 5, 2, 10, 4, 10, 0, 20, 8, 0, 0, 0 ], [ 0, 0, 0, 8, 20, 0, 10, 4, 10, 2, 5, 1 ], [ 3, 1 ], [ 5, 1 ] ]
[ 7, "C15 : C4", [ 1, 5, 2, 30, 4, 10, 0, 0, 8, 0, 0, 0 ], [ 0, 0, 0, 8, 10, 0, 0, 4, 30, 2, 5, 1 ], [ 1, 1 ], [ 15, 1 ] ]
[ 8, "S3 x D10", [ 1, 23, 2, 0, 4, 10, 12, 0, 8, 0, 0, 0 ], [ 0, 0, 12, 8, 10, 0, 0, 4, 23, 2, 0, 1 ], [ 1, 1 ], [ 15, 1 ] ]
[ 9, "C5 x A4", [ 1, 3, 8, 0, 4, 0, 12, 0, 32, 0, 0, 0 ], [ 0, 0, 12, 32, 0, 0, 0, 4, 3, 8, 0, 1 ], [ 5, 1 ], [ 4, 2 ] ]
[ 10, "C6 x D10", [ 1, 11, 2, 0, 4, 22, 4, 0, 8, 0, 8, 0 ], [ 8, 0, 4, 8, 22, 0, 0, 4, 11, 2, 0, 1 ], [ 6, 2 ], [ 5, 1 ] ]
[ 11, "C10 x S3", [ 1, 7, 2, 0, 4, 2, 28, 0, 8, 0, 8, 0 ], [ 8, 0, 28, 8, 2, 0, 0, 4, 7, 2, 0, 1 ], [ 10, 2 ], [ 3, 1 ] ]
[ 12, "D60", [ 1, 31, 2, 0, 4, 2, 4, 0, 8, 0, 8, 0 ], [ 8, 0, 4, 8, 2, 0, 0, 4, 31, 2, 0, 1 ], [ 2, 1 ], [ 15, 1 ] ]
[ 13, "C30 x C2", [ 1, 3, 2, 0, 4, 6, 12, 0, 8, 0, 24, 0 ], [ 24, 0, 12, 8, 6, 0, 0, 4, 3, 2, 0, 1 ], [ 60, 13 ], [ 1, 1 ] ]

61
[ 1, "C61", [ 1, 60 ], [ 60, 1 ], [ 61, 1 ], [ 1, 1 ] ]

62
[ 1, "D62", [ 1, 31, 30, 0 ], [ 0, 30, 31, 1 ], [ 1, 1 ], [ 31, 1 ] ]
[ 2, "C62", [ 1, 1, 30, 30 ], [ 30, 30, 1, 1 ], [ 62, 2 ], [ 1, 1 ] ]

63
[ 1, "C7 : C9", [ 1, 2, 6, 42, 12, 0 ], [ 12, 0, 42, 6, 2, 1 ], [ 3, 1 ], [ 7, 1 ] ]
[ 2, "C63", [ 1, 2, 6, 6, 12, 36 ], [ 36, 12, 6, 6, 2, 1 ], [ 63, 2 ], [ 1, 1 ] ]
[ 3, "C3 x (C7 : C3)", [ 1, 44, 6, 0, 12, 0 ], [ 12, 0, 44, 6, 0, 1 ], [ 3, 1 ], [ 7, 1 ] ]
[ 4, "C21 x C3", [ 1, 8, 6, 0, 48, 0 ], [ 48, 0, 8, 6, 0, 1 ], [ 63, 4 ], [ 1, 1 ] ]
